27
(1,1),(2,1) 6
(1,2),(1,3),(2,2),(2,3) 21
(1,4),(1,5),(2,4),(2,5) 22
(1,6),(2,6),(3,6),(2,7),(3,7) 21
(1,7),(1,8),(1,9) 15
(2,8),(2,9),(3,8),(3,9) 25
(3,1),(3,2),(3,3),(3,4) 20
(3,5),(4,5) 11
(4,1),(4,2) 3
(4,3),(4,4) 13
(4,6),(4,7) 7
(4,8),(5,8) 12
(4,9),(5,9) 11
(5,1),(6,1) 9
(5,2),(6,2) 9
(5,3),(5,4),(5,5),(5,6),(5,7) 31
(6,3),(6,4) 11
(6,5),(7,5) 12
(6,6),(6,7) 10
(6,8),(6,9) 4
(7,1),(7,2),(8,1),(8,2) 26
(7,3),(7,4),(8,3),(8,4),(9,4) 28
(7,6),(7,7),(7,8),(7,9) 18
(8,5),(8,6),(9,5),(9,6) 14
(8,7),(8,8),(9,7),(9,8) 21
(8,9),(9,9) 11
(9,1),(9,2),(9,3) 14