34
(1,1),(1,2),(1,3) 17
(1,4),(1,5) 16
(1,6),(2,6) 5
(1,7),(2,7) 6
(1,8),(1,9),(2,9) 11
(2,1),(2,2),(3,2) 10
(2,3),(3,3) 12
(2,4),(3,4) 13
(2,5),(3,5) 7
(3,6),(3,7),(4,6) 12
(3,9),(4,9) 13
(3,1),(4,1),(5,1) 16
(4,2),(4,3) 8
(4,4),(4,5) 17
(4,7),(5,7) 7
(4,8),(5,8) 8
(5,2),(6,2) 17
(5,3),(6,3) 6
(5,4),(5,5),(5,6) 12
(5,9),(6,9),(7,9) 15
(6,1),(7,1) 9
(6,4),(7,3),(7,4) 11
(6,5),(6,6) 12
(6,7),(6,8) 14
(7,2),(8,2) 7
(7,5),(8,5) 9
(7,6),(8,6) 14
(7,7),(8,7) 17
(7,8),(8,8),(8,9) 10
(8,1),(9,1),(9,2) 12
(8,3),(9,3) 14
(8,4),(9,4) 10
(9,5),(9,6) 11
(9,7),(9,8),(9,9) 14