35
(1,1),(1,2),(1,3) 15
(2,1),(3,1) 11
(2,2),(3,2),(4,2) 13
(2,3),(2,4) 11
(3,3),(3,4) 8
(1,4),(1,5) 10
(1,6),(1,7) 9
(1,8),(2,8) 15
(1,9),(2,9) 13
(2,5),(2,6),(3,5) 17
(2,7),(3,7) 5
(3,9),(4,9) 4
(3,8),(4,8),(5,8) 14
(3,6),(4,6) 12
(4,1),(5,1) 8
(4,3),(5,3),(6,3) 16
(4,4),(4,5) 9
(4,7),(5,7),(6,7) 12
(5,4),(5,5),(5,6) 20
(5,9),(6,9) 13
(5,2),(6,2),(7,2) 19
(6,1),(7,1) 14
(6,4),(7,4) 15
(6,5),(6,6) 4
(6,8),(7,8),(8,8) 15
(7,3),(8,3) 8
(7,5),(8,5),(8,4) 7
(7,6),(7,7) 7
(8,6),(8,7) 17
(7,9),(8,9) 8
(8,1),(9,1) 9
(8,2),(9,2) 9
(9,3),(9,4) 8
(9,5),(9,6) 13
(9,7),(9,8),(9,9) 17