(1,1),(1,2),(2,1) 22
(1,3),(1,4) 6
(1,5),(1,6),(2,6) 18
(1,7),(1,8) 7
(1,9),(2,9) 7
(2,2),(2,3),(3,2),(3,3) 18
(2,4),(2,5) 4
(2,7),(2,8) 16
(3,1),(4,1) 5
(3,4),(4,4),(4,3) 14
(3,5),(3,6) 11
(3,7),(4,7),(4,6),(5,7),(5,8) 23
(3,8),(3,9),(4,8) 18
(4,2),(5,2) 10
(4,5),(5,4),(5,5) 17
(4,9),(5,9) 7
(5,1),(6,1),(6,2) 16
(5,3),(6,3) 13
(5,6),(6,6),(6,5) 9
(6,4),(7,4),(7,3),(7,5),(8,5) 29
(6,7),(6,8),(6,9) 20
(7,1),(8,1) 8
(7,2),(8,2) 5
(7,6),(8,6),(9,6) 17
(7,7),(7,8),(7,9),(8,7),(8,8),(9,7) 37
(8,3),(8,4),(9,3) 15
(8,9),(9,8),(9,9) 8
(9,1),(9,2) 17
(9,4),(9,5) 8
